Ashcontent	Salinity	Location
61.31	1	1
56.68	1	1
63.89	1	1
68.78	1	1
68.41	1	1
70.94	1	1
65.99	2	1
82.89	2	1
94.41	2	1
75.5	2	1
78.94	2	1
70.27	2	1
82.62	3	1
91.38	3	1
93.44	3	1
79.88	3	1
95.51	3	1
97.16	3	1
98.92	4	1
93.17	4	1
93.62	4	1
93.12	4	1
112.78	4	1
96.39	4	1
58.64	1	2
56.93	1	2
69.98	1	2
64.17	1	2
72.1	1	2
56.18	1	2
89.52	2	2
58.42	2	2
78.86	2	2
82.31	2	2
91.96	2	2
72.93	2	2
89.2	3	2
103.81	3	2
90.94	3	2
104.82	3	2
77.98	3	2
85.26	3	2
78.98	4	2
90.44	4	2
93.71	4	2
94.31	4	2
90.84	4	2
115.73	4	2
79.43	1	3
85.04	1	3
74.77	1	3
97.23	1	3
82.01	1	3
85.51	1	3
106.77	2	3
103.64	2	3
108.03	2	3
105.03	2	3
83.89	2	3
86.64	2	3
111.14	3	3
105.54	3	3
86.52	3	3
97.05	3	3
102.66	3	3
109.08	3	3
104.72	4	3
96.11	4	3
119.03	4	3
107.58	4	3
104.17	4	3
110.38	4	3
95.93	1	4
84.05	1	4
81.78	1	4
97.91	1	4
79.58	1	4
76.75	1	4
89.83	2	4
88.99	2	4
107.22	2	4
98.36	2	4
96.73	2	4
82.87	2	4
98.12	3	4
101.76	3	4
97.9	3	4
89.62	3	4
83.82	3	4
104.77	3	4
104.95	4	4
107.01	4	4
102.21	4	4
87.49	4	4
114.36	4	4
95.98	4	4
67.57	1	5
67.74	1	5
71.44	1	5
71.21	1	5
70.55	1	5
83.49	1	5
91.53	2	5
84.1	2	5
96.77	2	5
76.47	2	5
91.78	2	5
87.36	2	5
101.48	3	5
92.4	3	5
93.77	3	5
112.03	3	5
111.42	3	5
106.9	3	5
103.93	4	5
114.27	4	5
99.66	4	5
102.8	4	5
116.71	4	5
92.62	4	5
70.82	1	6
63.94	1	6
71.61	1	6
61.69	1	6
56.84	1	6
71.11	1	6
79.6	2	6
95.39	2	6
95.56	2	6
83.36	2	6
81.6	2	6
68.5	2	6
97.15	3	6
78.16	3	6
83	3	6
80.63	3	6
103.4	3	6
91.65	3	6
97.11	4	6
102.86	4	6
88.27	4	6
92.78	4	6
82.69	4	6
70.29	4	6
74.96	1	7
67.18	1	7
62.09	1	7
72.45	1	7
72.55	1	7
70.77	1	7
92.95	2	7
86.97	2	7
94.76	2	7
93.64	2	7
96.76	2	7
74.92	2	7
96.41	3	7
103.32	3	7
81.37	3	7
93.53	3	7
102.54	3	7
104.84	3	7
94.09	4	7
93.04	4	7
112.31	4	7
90.92	4	7
84	4	7
101.63	4	7
65.68	1	8
73.39	1	8
68.95	1	8
76.43	1	8
64.86	1	8
58.69	1	8
76.34	2	8
67.01	2	8
91.27	2	8
93.05	2	8
90.17	2	8
92.16	2	8
97.21	3	8
108.66	3	8
95.58	3	8
84.27	3	8
81.71	3	8
96.58	3	8
106.38	4	8
79.94	4	8
89.6	4	8
101.78	4	8
93.83	4	8
92.46	4	8
76.15	1	9
73.09	1	9
69.07	1	9
85.11	1	9
78.62	1	9
91.96	1	9
99.26	2	9
96.09	2	9
98.72	2	9
98.52	2	9
95.1	2	9
76.31	2	9
103.61	3	9
101.81	3	9
114.3	3	9
83.53	3	9
111.49	3	9
103.27	3	9
105.78	4	9
114.25	4	9
124.75	4	9
89.8	4	9
90.64	4	9
110.79	4	9
84.83	1	10
71.63	1	10
63.55	1	10
71.5	1	10
78.52	1	10
79.97	1	10
81.08	2	10
83.57	2	10
109.77	2	10
103.02	2	10
89.9	2	10
102.65	2	10
87.5	3	10
88.12	3	10
113.93	3	10
121.64	3	10
91.08	3	10
97.73	3	10
87.77	4	10
109.92	4	10
93.94	4	10
107.49	4	10
88.6	4	10
106.28	4	10
67.39	1	11
65.61	1	11
77.57	1	11
76.05	1	11
61.38	1	11
78	1	11
85.76	2	11
78.95	2	11
73.53	2	11
81.21	2	11
90.66	2	11
93.9	2	11
88.24	3	11
88.52	3	11
93.33	3	11
83.17	3	11
106.12	3	11
80.62	3	11
106.12	4	11
91.11	4	11
89.85	4	11
74.92	4	11
92.3	4	11
97.71	4	11
71.74	1	12
73.57	1	12
69.15	1	12
80.61	1	12
79.3	1	12
75.64	1	12
76.24	2	12
90.39	2	12
90.49	2	12
94.11	2	12
82.71	2	12
94.06	2	12
93.52	3	12
92.42	3	12
86.03	3	12
106	3	12
90.92	3	12
107.11	3	12
91.36	4	12
97.09	4	12
90.3	4	12
112.18	4	12
100.39	4	12
102.67	4	12
77.46	1	13
82.84	1	13
71.71	1	13
66.35	1	13
68.9	1	13
76.74	1	13
90.19	2	13
87.82	2	13
74.75	2	13
75.34	2	13
83.54	2	13
80.36	2	13
84.18	3	13
96.28	3	13
82.48	3	13
88.29	3	13
87.35	3	13
101.41	3	13
89.25	4	13
94.1	4	13
103.86	4	13
92.51	4	13
87.77	4	13
78.51	4	13
58.39	1	14
56.06	1	14
57.96	1	14
51.73	1	14
59.87	1	14
51.99	1	14
74.65	2	14
72.4	2	14
76.7	2	14
77.85	2	14
85.69	2	14
74.71	2	14
82.26	3	14
82.49	3	14
88.95	3	14
92.33	3	14
79.15	3	14
90.81	3	14
99.15	4	14
81.23	4	14
87.19	4	14
79.95	4	14
92.06	4	14
88.43	4	14
61.86	1	15
56.07	1	15
60	1	15
65.51	1	15
61.56	1	15
67.01	1	15
75.37	2	15
83.92	2	15
86.25	2	15
74.62	2	15
82.17	2	15
71.67	2	15
86.37	3	15
95.7	3	15
96	3	15
86.63	3	15
77.91	3	15
91.4	3	15
90.16	4	15
92.65	4	15
76.82	4	15
91.41	4	15
100.97	4	15
87.99	4	15
65.15	1	16
67.33	1	16
72.72	1	16
58.23	1	16
66.53	1	16
66.05	1	16
77.63	2	16
78.51	2	16
79.95	2	16
67.55	2	16
76.96	2	16
75.4	2	16
83.18	3	16
80.54	3	16
74.2	3	16
92.58	3	16
80.24	3	16
75.27	3	16
82.59	4	16
82.27	4	16
65.45	4	16
87.38	4	16
84.79	4	16
89.52	4	16
