1 1 4.800
1 2 4.420
1 3 4.300
1 4 4.260
1 5 4.205
1 6 4.185
1 7 4.345
1 8 4.535
1 9 4.560
1 10 4.440
1 11 4.525
2 1 4.380
2 2 4.290
2 3 4.295
2 4 4.635
2 5 4.420
2 6 4.400
2 7 4.535
2 8 4.205
2 9 4.645
2 10 4.830
2 11 4.395
3 1 4.330
3 2 4.190
3 3 4.870
3 4 4.540
3 5 4.495
3 6 4.320
3 7 4.520
3 8 4.445
3 9 4.645
3 10 4.800
3 11 4.740
4 1 4.310
4 2 4.280
4 3 4.700
4 4 4.540
4 5 4.795
4 6 4.485
4 7 4.730
4 8 4.600
4 9 4.645
4 10 4.840
4 11 4.700
5 1 4.490
5 2 4.585
5 3 4.675
5 4 4.640
5 5 4.905
5 6 4.590
5 7 4.320
5 8 4.840
5 9 4.690
5 10 4.505
5 11 4.355
6 1 4.380
6 2 4.890
6 3 5.045
6 4 4.755
6 5 4.760
6 6 4.670
6 7 4.900
6 8 4.455
6 9 4.360
6 10 4.305
6 11 4.515
7 1 4.440
7 2 4.740
7 3 5.025
7 4 4.420
7 5 4.525
7 6 4.500
7 7 4.340
7 8 4.395
7 9 4.365
7 10 4.290
7 11 4.345
8 1 4.455
8 2 4.675
8 3 4.860
8 4 4.605
8 5 4.230
8 6 4.800
8 7 4.360
8 8 4.355
8 9 4.625
8 10 4.490
8 11 4.440
9 1 4.540
9 2 4.545
9 3 4.430
9 4 4.300
9 5 4.255
9 6 4.285
9 7 4.235
9 8 4.270
9 9 4.305
9 10 4.210
9 11 4.305
10 1 4.500
10 2 4.865
10 3 4.135
10 4 4.535
10 5 4.580
10 6 4.500
10 7 4.310
10 8 4.025
10 9 4.340
10 10 4.155
10 11 4.295
11 1 4.235
11 2 4.330
11 3 4.325
11 4 4.295
11 5 4.120
11 6 4.435
11 7 4.300
11 8 4.370
11 9 4.475
11 10 4.645
11 11 4.155



